827 967
967 464
464 223
223 442
442 634
634 274
274 241
241 122
122 880
880 269
269 494
494 10
10 63
63 773
773 280
280 926
926 94
94 930
930 840
840 907
907 454
454 474
474 371
371 308
308 94
94 327
327 91
91 655
655 518
518 473
473 835
835 486
486 937
937 58
58 928
928 571
571 684
684 170
170 45
45 917
917 791
791 539
539 927
927 206
206 313
313 207
207 485
485 759
759 490
490 325
325 667
667 296
296 151
151 390
390 605
605 246
246 717
717 48
48 253
253 235
235 521
521 88
88 721
721 811
811 499
499 2
2 382
382 183
183 524
524 780
780 100
100 315
315 319
319 27
27 522
522 984
984 587
587 359
359 744
744 429
429 684
684 763
763 725
725 187
187 153
153 682
682 433
433 222
222 730
730 39
39 457
457 252
252 127
127 531
531 63
63 626
626 533
533 797
797 162
162 57
